2.632033 0.524873468
3.100053 0.001623354
3.204705 0.000000000
3.426403 0.025660148
3.547850 0.000000000
3.651894 0.000010209
3.737978 0.000000000
4.017228 0.000000000
4.144881 0.000000003
4.147114 0.000000029
4.220657 0.000000005
4.236842 2.075073144
4.594362 0.024247783
4.594435 0.000000164
4.601798 0.000000035
4.730083 0.001441797
4.767251 0.000000000
4.842107 0.045412713
4.850009 0.000000000
4.855615 0.000000011
4.867949 0.000000000
4.923219 0.000800862
4.955017 0.159396363
5.105868 0.000000000
5.118907 0.000093757
5.139102 0.000000000
5.147815 0.000271672
5.180547 0.000000180
5.239606 0.000001275
5.240847 0.861718748
