2.016714 0.000362602
2.290418 0.006505529
2.382216 0.000150100
2.825254 0.000000591
3.049028 0.000097243
3.064411 0.015767590
3.085830 0.103695133 
3.142672 0.104842227
3.199962 0.000169642
3.250060 0.000006266
3.603375 0.008925049
3.687753 0.000057725
3.701163 0.000014449
3.761053 0.000990345
3.858224 0.000006327
3.924557 0.000198089
3.957305 0.006663608
3.969747 0.000040622
3.993743 0.016473631
4.074122 0.009951308
4.080476 0.005030186
4.126016 0.000089458
4.127411 0.000108485
4.145014 0.056156124
4.382440 0.000017246
4.412887 0.006873728
4.482468 0.000000868
4.560762 0.004224313
4.576481 0.171996868
4.765559 0.000058958
