2.214914 0.074146263
3.131228 0.000304399
3.341681 0.032461173
3.539727 0.000000056
3.545743 0.001323114
3.584572 0.000002447
4.249320 0.003094616
4.582335 0.000400738
4.730682 0.007261838
4.731515 4.870575602
4.891684 0.049550391
4.945777 0.008193899
4.956241 0.002779013
4.958676 0.000000904
4.982134 0.061855288
5.227175 0.004827224
5.340783 0.000040500
5.479731 0.000029660
5.487538 0.000000007
5.519075 0.011307405
5.548756 0.000026093
5.791619 0.000000024
5.815883 0.000513790
5.869448 0.001138472
5.873716 0.023738406
5.924473 0.000015486
5.997562 0.206843020
6.048914 0.061586073
6.104157 0.000001230
6.107710 0.003979807
