2.115738 0.061850219
2.883212 0.000000000
2.952556 0.000000000
2.956990 0.002700586
3.318814 0.082224720
3.599992 0.000000000 
4.102560 0.010827288
4.277497 0.003244641
4.279300 0.000000003
4.570958 0.000000001
4.706820 4.518563443
4.708601 0.043173810
4.750638 0.000040970
4.753316 0.000000001
4.799462 0.000000001
4.828142 0.012584719
5.071813 0.000000000
5.082147 0.000000000
5.085890 0.000000004
5.405446 0.000000000
5.460924 0.001697397
5.489290 0.000000043
5.489365 0.001054669
5.514307 0.001990649
5.668621 0.000000000
5.838127 0.104149793
5.865816 0.000000153
5.950816 0.407533033
5.958953 0.145194690
6.042673 0.000000000
