2.302182 0.060433552
2.440945 0.000000007
2.465968 0.000409222
3.157614 0.000015094
3.362385 0.366874698
3.554856 0.004116964
3.616530 0.000000036
3.878097 0.000174323
3.904172 0.000000006
4.052150 0.001395540
4.507752 0.013949559
4.542685 0.000075047
4.555003 0.000000020
4.644174 0.000140362
4.713465 0.001294938
4.745350 0.000142512
4.765882 0.000000102
4.866614 4.010511127
4.922143 0.000000075
4.946526 0.001488007
4.958649 0.008310923
5.128657 0.000000026
5.165052 0.000177612
5.179234 0.010566221
5.234202 0.036159531
5.742301 0.002078583
5.769707 0.000000042
5.826676 0.000174247
5.850264 0.000139825
5.853700 0.002970785
