1.943985 0.000000000
1.984616 0.000000273
2.320879 0.051456226
3.254611 0.000000000
3.302662 0.004432641
3.307507 0.671678714
3.378846 0.000000000
3.523497 0.000518583
3.575118 0.000000000
3.821648 0.000000000
3.859090 0.000000003
4.337535 0.000000000
4.361539 0.000000000
4.387431 0.000000002
4.543101 0.000000000
4.594799 0.000000000
4.613639 0.000000005
4.674129 0.000000000
4.702617 0.009958038
4.729991 0.015159546
4.825381 0.000000000
4.877552 0.000025856
4.939858 0.000000000
5.008137 3.587574138
5.014524 0.001068704
5.212986 0.000000000
5.341002 0.000000010
5.383496 0.000000000
5.565323 0.003040157
5.622892 0.001670536
